NIFTY 500 symbols: 501; loading daily data from 2005-01-01 ...
Stocks with >=12 months of data: 479; last completed month 2026-09

==============================================================================
  EXIT 1: TARGET = SIGNAL-MONTH GROWTH, SL = SIGNAL CANDLE LOW  (tol=1.0%, cost=0.3%)
==============================================================================
  Trades                  : 3989  (closed 3937, open 52); skipped, opened below SL: 1
  Exit reasons            : TARGET 2683, SL 1254, OPEN 52
  Win rate (closed)       : 68.0%
  Avg / median return     : 3.90% / 5.27%
  Avg win / avg loss      : 12.46% / -14.29%
  Profit factor           : 1.85
  Avg / median days held  : 63 / 32

  A) Fixed Rs 100,000 per trade, unlimited capital
     Total invested       : Rs 398,900,000  (3989 trades)
     Total P&L            : Rs 15,222,660  (booked Rs 15,344,120, open MTM Rs -121,460)
     Return on invested   : 3.8%
     Peak capital needed  : Rs 9,000,000
     CAGR on peak capital : 4.7%  over 21.6 yrs

           trades_entered  invested_Rs  booked_PnL_Rs  avg_held  max_held
     year                                                                
     2005              40      4000000      416,210.0       7.0        12
     2006              93      9300000      315,180.0       8.2        14
     2007              88      8800000      566,270.0      10.4        16
     2008              47      4700000     -749,900.0       4.9        13
     2009              93      9300000    1,027,830.0      15.0        30
     2010              95      9500000      861,350.0      19.1        26
     2011             122     12200000     -600,700.0      16.3        23
     2012             200     20000000    1,037,230.0      31.8        49
     2013             128     12800000      -26,770.0      18.6        40
     2014             256     25600000    2,265,840.0      28.2        47
     2015             132     13200000      532,430.0      18.2        27
     2016             226     22600000       39,750.0      21.7        37
     2017             223     22300000    1,114,080.0      26.7        36
     2018             219     21900000     -781,230.0      24.8        37
     2019             228     22800000     -191,180.0      35.2        62
     2020             133     13300000    1,338,200.0      14.3        27
     2021             175     17500000    2,592,730.0      31.3        43
     2022             305     30500000      557,870.0      40.8        83
     2023             443     44300000    3,089,040.0      66.0        90
     2024             301     30100000    1,912,090.0      49.1        72
     2025             236     23600000      109,480.0      42.0        73
     2026             206     20600000      -81,680.0      36.9        55

  B) Compounding portfolio: Rs 1,000,000 start, max 20 positions
     Final equity         : Rs 55,640,817
     CAGR                 : 20.5%  over 21.6 yrs
     Max drawdown         : -39.3%
     Trades taken/skipped : 1177 / 2812 (no free slot)

           start_equity_Rs  end_equity_Rs  avg_held  max_held  return_%
     year                                                              
     2005      1,000,000.0    1,217,532.3       7.0        12      21.8
     2006      1,217,532.3    1,393,297.9       7.9        12      14.4
     2007      1,393,297.9    1,824,728.9      10.0        14      31.0
     2008      1,824,728.9    1,194,644.0       4.9        13     -34.5
     2009      1,194,644.0    1,839,774.0      12.2        20      54.0
     2010      1,839,774.0    2,124,787.4      15.2        19      15.5
     2011      2,124,787.4    1,643,680.6      12.4        17     -22.6
     2012      1,643,680.6    2,168,768.4      16.2        19      31.9
     2013      2,168,768.4    2,324,235.0      12.5        19       7.2
     2014      2,324,235.0    3,898,395.0      14.4        18      67.7
     2015      3,898,395.0    4,175,181.3      13.2        19       7.1
     2016      4,175,181.3    4,077,308.8      13.9        17      -2.3
     2017      4,077,308.8    5,680,593.7      15.1        18      39.3
     2018      5,680,593.7    5,170,088.3      14.1        17      -9.0
     2019      5,170,088.3    5,547,989.9      15.6        20       7.3
     2020      5,547,989.9   10,145,320.4      10.1        16      82.9
     2021     10,145,320.4   18,901,816.7      15.2        18      86.3
     2022     18,901,816.7   21,175,405.8      15.4        17      12.0
     2023     21,175,405.8   33,191,766.6      16.9        19      56.7
     2024     33,191,766.6   43,303,493.1      16.8        20      30.5
     2025     43,303,493.1   48,925,913.1      16.8        20      13.0
     2026     48,925,913.1   55,640,817.0      15.8        18      13.7

  New signals on 2026-09 close (buy next month open): 3 -> results/live_signals_target_tol1.csv

==============================================================================
  EXIT 2: MONTHLY CLOSE BELOW 10 EMA, SL = SIGNAL CANDLE LOW  (tol=1.0%, cost=0.3%)
==============================================================================
  Trades                  : 2890  (closed 2793, open 97); skipped, opened below SL: 0
  Exit reasons            : EMA 1859, SL 934, OPEN 77, OPEN (EMA exit due) 20
  Win rate (closed)       : 40.0%
  Avg / median return     : 23.37% / -3.84%
  Avg win / avg loss      : 73.25% / -9.88%
  Profit factor           : 4.94
  Avg / median days held  : 220 / 103

  A) Fixed Rs 100,000 per trade, unlimited capital
     Total invested       : Rs 289,000,000  (2890 trades)
     Total P&L            : Rs 67,669,190  (booked Rs 65,260,470, open MTM Rs 2,408,720)
     Return on invested   : 23.4%
     Peak capital needed  : Rs 25,400,000
     CAGR on peak capital : 6.2%  over 21.6 yrs

           trades_entered  invested_Rs  booked_PnL_Rs  avg_held  max_held
     year                                                                
     2005              39      3900000     -167,820.0      15.9        26
     2006              70      7000000     -131,360.0      39.8        50
     2007              62      6200000      762,580.0      46.0        56
     2008              44      4400000    2,367,870.0      16.0        48
     2009              86      8600000     -373,970.0      27.8        55
     2010              62      6200000      695,750.0      68.4        80
     2011              99      9900000    2,971,040.0      36.8        68
     2012             158     15800000       17,900.0      61.6        95
     2013              99      9900000    1,119,350.0      56.9        99
     2014             161     16100000      135,950.0     113.9       164
     2015              72      7200000    9,827,370.0     108.8       153
     2016             176     17600000    6,305,000.0      65.9        96
     2017             142     14200000    1,365,310.0     100.2       118
     2018             159     15900000    3,413,640.0      76.8       135
     2019             176     17600000     -123,090.0      61.0        78
     2020             116     11600000       20,130.0      36.8        78
     2021             125     12500000    1,454,930.0     102.2       141
     2022             244     24400000    4,802,350.0     101.1       144
     2023             300     30000000      801,860.0     178.1       251
     2024             142     14200000   11,844,830.0     231.6       254
     2025             197     19700000   16,483,300.0      87.5       135
     2026             161     16100000    1,667,550.0      79.1       102

  B) Compounding portfolio: Rs 1,000,000 start, max 20 positions
     Final equity         : Rs 218,919,983
     CAGR                 : 28.4%  over 21.6 yrs
     Max drawdown         : -46.2%
     Trades taken/skipped : 517 / 2373 (no free slot)

           start_equity_Rs  end_equity_Rs  avg_held  max_held  return_%
     year                                                              
     2005      1,000,000.0    1,303,980.4      13.8        20      30.4
     2006      1,303,980.4    1,820,528.2      18.8        20      39.6
     2007      1,820,528.2    2,991,657.9      17.0        20      64.3
     2008      2,991,657.9    1,734,574.2       8.2        17     -42.0
     2009      1,734,574.2    3,193,892.6      13.8        19      84.1
     2010      3,193,892.6    4,201,900.9      18.7        20      31.6
     2011      4,201,900.9    3,204,953.3      14.0        20     -23.7
     2012      3,204,953.3    4,964,752.8      17.4        20      54.9
     2013      4,964,752.8    5,688,143.0      14.2        18      14.6
     2014      5,688,143.0   13,083,397.3      17.2        18     130.0
     2015     13,083,397.3   15,300,765.7      16.8        19      16.9
     2016     15,300,765.7   14,315,053.3      15.8        19      -6.4
     2017     14,315,053.3   22,122,157.0      18.4        20      54.5
     2018     22,122,157.0   18,636,095.3      15.5        19     -15.8
     2019     18,636,095.3   21,541,643.0      15.9        19      15.6
     2020     21,541,643.0   31,209,580.0      10.2        19      44.9
     2021     31,209,580.0   65,386,737.1      11.8        12     109.5
     2022     65,386,737.1   77,253,382.4      13.7        15      18.1
     2023     77,253,382.4  141,350,502.6      14.3        15      83.0
     2024    141,350,502.6  201,450,506.8      16.5        18      42.5
     2025    201,450,506.8  182,187,136.4      16.0        20      -9.6
     2026    182,187,136.4  218,919,982.5      16.6        19      20.2

  New signals on 2026-09 close (buy next month open): 2 -> results/live_signals_ema_tol1.csv
