NIFTY 500 symbols: 501; loading daily data from 2005-01-01 ...
Stocks with >=12 months of data: 479; last completed month 2026-09

==============================================================================
  EXIT 1: TARGET = SIGNAL-MONTH GROWTH, SL = SIGNAL CANDLE LOW  (tol=0.5%, cost=0.3%)
==============================================================================
  Trades                  : 1402  (closed 1382, open 20); skipped, opened below SL: 0
  Exit reasons            : TARGET 911, SL 471, OPEN 20
  Win rate (closed)       : 65.8%
  Avg / median return     : 4.68% / 5.26%
  Avg win / avg loss      : 15.00% / -15.21%
  Profit factor           : 1.90
  Avg / median days held  : 75 / 35

  A) Fixed Rs 100,000 per trade, unlimited capital
     Total invested       : Rs 140,200,000  (1402 trades)
     Total P&L            : Rs 6,473,940  (booked Rs 6,469,910, open MTM Rs 4,030)
     Return on invested   : 4.6%
     Peak capital needed  : Rs 4,700,000
     CAGR on peak capital : 4.1%  over 21.6 yrs

           trades_entered  invested_Rs  booked_PnL_Rs  avg_held  max_held
     year                                                                
     2005              14      1400000      205,390.0       2.8         6
     2006              30      3000000      -53,070.0       4.2         7
     2007              34      3400000      252,740.0       4.5         6
     2008              23      2300000     -505,560.0       2.2         6
     2009              32      3200000      505,170.0       9.9        19
     2010              23      2300000      368,290.0       9.4        13
     2011              32      3200000     -315,860.0       7.7        12
     2012              66      6600000      429,360.0      12.2        21
     2013              44      4400000      -97,170.0       7.7        14
     2014              91      9100000    1,135,400.0      12.1        19
     2015              54      5400000      345,160.0       5.6        10
     2016              69      6900000       -1,960.0       7.5        12
     2017              61      6100000      266,940.0      10.2        19
     2018              72      7200000     -215,680.0      10.7        17
     2019              69      6900000     -147,260.0      13.9        20
     2020              39      3900000      629,760.0       5.6         9
     2021              64      6400000    1,432,510.0      15.9        21
     2022             119     11900000      369,970.0      19.0        40
     2023             190     19000000    1,299,950.0      31.8        47
     2024             112     11200000      804,370.0      21.8        32
     2025              82      8200000       20,040.0      17.1        28
     2026              82      8200000     -258,580.0      12.4        21

  B) Compounding portfolio: Rs 1,000,000 start, max 20 positions
     Final equity         : Rs 11,922,780
     CAGR                 : 12.2%  over 21.6 yrs
     Max drawdown         : -27.8%
     Trades taken/skipped : 945 / 457 (no free slot)

           start_equity_Rs  end_equity_Rs  avg_held  max_held  return_%
     year                                                              
     2005      1,000,000.0    1,101,162.7       2.8         6      10.1
     2006      1,101,162.7    1,069,793.6       4.2         7      -2.8
     2007      1,069,793.6    1,214,837.1       4.5         6      13.6
     2008      1,214,837.1      919,123.5       2.2         6     -24.3
     2009        919,123.5    1,237,410.8       9.9        19      34.6
     2010      1,237,410.8    1,342,337.1       9.4        13       8.5
     2011      1,342,337.1    1,118,809.7       7.7        12     -16.7
     2012      1,118,809.7    1,372,864.7      11.8        18      22.7
     2013      1,372,864.7    1,402,495.8       7.7        14       2.2
     2014      1,402,495.8    2,236,788.9      11.2        13      59.5
     2015      2,236,788.9    2,511,439.6       5.3        10      12.3
     2016      2,511,439.6    2,421,330.4       7.5        12      -3.6
     2017      2,421,330.4    2,848,746.6       9.8        17      17.7
     2018      2,848,746.6    2,572,467.6      10.2        15      -9.7
     2019      2,572,467.6    2,536,912.0      13.2        19      -1.4
     2020      2,536,912.0    3,525,911.8       5.6         9      39.0
     2021      3,525,911.8    6,348,142.6      14.3        17      80.0
     2022      6,348,142.6    6,837,837.3      12.9        19       7.7
     2023      6,837,837.3    9,440,937.8      16.2        19      38.1
     2024      9,440,937.8   11,577,815.4      15.5        19      22.6
     2025     11,577,815.4   11,640,734.0      14.8        18       0.5
     2026     11,640,734.0   11,922,780.1      10.8        17       2.4

  New signals on 2026-09 close (buy next month open): 2 -> results/live_signals_target_tol0.5.csv

==============================================================================
  EXIT 2: MONTHLY CLOSE BELOW 10 EMA, SL = SIGNAL CANDLE LOW  (tol=0.5%, cost=0.3%)
==============================================================================
  Trades                  : 1198  (closed 1155, open 43); skipped, opened below SL: 0
  Exit reasons            : EMA 754, SL 401, OPEN 37, OPEN (EMA exit due) 6
  Win rate (closed)       : 40.3%
  Avg / median return     : 26.60% / -4.25%
  Avg win / avg loss      : 81.54% / -10.56%
  Profit factor           : 5.22
  Avg / median days held  : 234 / 121

  A) Fixed Rs 100,000 per trade, unlimited capital
     Total invested       : Rs 119,800,000  (1198 trades)
     Total P&L            : Rs 31,780,300  (booked Rs 30,722,620, open MTM Rs 1,057,680)
     Return on invested   : 26.5%
     Peak capital needed  : Rs 13,800,000
     CAGR on peak capital : 5.7%  over 21.6 yrs

           trades_entered  invested_Rs  booked_PnL_Rs  avg_held  max_held
     year                                                                
     2005              14      1400000      -81,490.0       5.4        10
     2006              29      2900000     -201,290.0      14.8        19
     2007              26      2600000      123,440.0      18.6        25
     2008              21      2100000      884,000.0       7.7        24
     2009              32      3200000     -186,830.0      11.6        23
     2010              20      2000000      305,700.0      21.7        25
     2011              31      3100000    1,042,910.0       9.4        18
     2012              63      6300000      157,560.0      23.7        41
     2013              37      3700000      557,370.0      26.1        41
     2014              79      7900000       15,280.0      54.8        82
     2015              39      3900000    6,086,660.0      56.0        77
     2016              58      5800000    2,684,640.0      27.2        39
     2017              48      4800000      541,590.0      38.6        47
     2018              59      5900000    1,545,940.0      30.4        49
     2019              54      5400000      -37,360.0      23.4        27
     2020              35      3500000       96,650.0      13.2        26
     2021              55      5500000    1,231,710.0      42.2        61
     2022             113     11300000    2,007,710.0      45.2        69
     2023             167     16700000      250,120.0      91.8       134
     2024              68      6800000    4,630,590.0     119.9       138
     2025              75      7500000    7,922,590.0      36.8        69
     2026              75      7500000    1,145,130.0      33.0        43

  B) Compounding portfolio: Rs 1,000,000 start, max 20 positions
     Final equity         : Rs 130,398,411
     CAGR                 : 25.3%  over 21.6 yrs
     Max drawdown         : -39.4%
     Trades taken/skipped : 452 / 746 (no free slot)

           start_equity_Rs  end_equity_Rs  avg_held  max_held  return_%
     year                                                              
     2005      1,000,000.0    1,094,043.0       5.4        10       9.4
     2006      1,094,043.0    1,251,703.0      14.2        18      14.4
     2007      1,251,703.0    2,461,744.3      16.2        18      96.7
     2008      2,461,744.3    1,601,989.6       6.0        17     -34.9
     2009      1,601,989.6    2,386,850.9      10.9        19      49.0
     2010      2,386,850.9    3,401,125.6      16.3        19      42.5
     2011      3,401,125.6    2,637,263.0       7.5        14     -22.5
     2012      2,637,263.0    3,848,096.3      15.6        20      45.9
     2013      3,848,096.3    4,958,583.7      13.5        17      28.9
     2014      4,958,583.7   10,042,708.5      17.4        18     102.5
     2015     10,042,708.5   12,964,673.7      16.9        19      29.1
     2016     12,964,673.7   12,304,038.0      14.9        19      -5.1
     2017     12,304,038.0   18,500,186.8      17.2        19      50.4
     2018     18,500,186.8   17,259,280.4      14.8        18      -6.7
     2019     17,259,280.4   17,853,696.2      14.2        17       3.4
     2020     17,853,696.2   24,816,167.3       9.4        18      39.0
     2021     24,816,167.3   67,312,372.2      12.4        13     171.2
     2022     67,312,372.2   60,963,803.6      14.6        17      -9.4
     2023     60,963,803.6   84,993,499.1      15.8        18      39.4
     2024     84,993,499.1  121,790,385.5      16.3        18      43.3
     2025    121,790,385.5  114,277,909.8      14.4        20      -6.2
     2026    114,277,909.8  130,398,411.5      15.1        20      14.1

  New signals on 2026-09 close (buy next month open): 1 -> results/live_signals_ema_tol0.5.csv
