NIFTY 500 symbols: 501; loading daily data from 2005-01-01 ...
Stocks with >=12 months of data: 479; last completed month 2026-09

==============================================================================
  EXIT 1: TARGET = SIGNAL-MONTH GROWTH, SL = SIGNAL CANDLE LOW  (tol=0.0%, cost=0.3%)
==============================================================================
  Trades                  : 173  (closed 164, open 9); skipped, opened below SL: 0
  Exit reasons            : TARGET 114, SL 50, OPEN 9
  Win rate (closed)       : 69.5%
  Avg / median return     : 20.66% / 16.97%
  Avg win / avg loss      : 44.10% / -32.80%
  Profit factor           : 3.07
  Avg / median days held  : 159 / 46

  A) Fixed Rs 100,000 per trade, unlimited capital
     Total invested       : Rs 17,300,000  (173 trades)
     Total P&L            : Rs 3,409,310  (booked Rs 3,387,440, open MTM Rs 21,870)
     Return on invested   : 19.7%
     Peak capital needed  : Rs 1,400,000
     CAGR on peak capital : 5.9%  over 21.5 yrs

           trades_entered  invested_Rs  booked_PnL_Rs  avg_held  max_held
     year                                                                
     2005               5       500000      141,050.0       1.7         3
     2006              10      1000000     -125,390.0       2.7         5
     2007               6       600000       76,640.0       2.9         4
     2008              14      1400000     -293,710.0       1.5         3
     2009              18      1800000      368,150.0       8.0        14
     2010               3       300000      346,280.0       6.3         7
     2011               1       100000      -68,570.0       4.4         6
     2012               3       300000      135,580.0       3.3         4
     2013               5       500000      -21,180.0       2.8         4
     2014              11      1100000      507,360.0       2.3         4
     2015               3       300000       94,270.0       0.5         1
     2016               1       100000            0.0       1.4         2
     2017               5       500000      -21,070.0       1.9         4
     2018               4       400000     -102,340.0       3.5         5
     2019               2       200000       32,510.0       2.6         4
     2020              19      1900000      618,750.0       3.6         8
     2021              15      1500000    1,110,780.0       4.7         6
     2022               5       500000      186,040.0       1.3         3
     2023               4       400000       17,050.0       2.7         4
     2024              15      1500000      487,640.0       3.8         8
     2025               5       500000      -33,590.0       3.6         6
     2026              19      1900000      -68,810.0       1.8         9

  B) Compounding portfolio: Rs 1,000,000 start, max 20 positions
     Final equity         : Rs 4,396,490
     CAGR                 : 7.1%  over 21.5 yrs
     Max drawdown         : -20.9%
     Trades taken/skipped : 173 / 0 (no free slot)

           start_equity_Rs  end_equity_Rs  avg_held  max_held  return_%
     year                                                              
     2005      1,000,000.0    1,069,190.3       1.7         3       6.9
     2006      1,069,190.3    1,003,885.9       2.7         5      -6.1
     2007      1,003,885.9    1,059,841.8       2.9         4       5.6
     2008      1,059,841.8      891,438.6       1.5         3     -15.9
     2009        891,438.6    1,140,599.8       8.0        14      28.0
     2010      1,140,599.8    1,207,589.4       6.3         7       5.9
     2011      1,207,589.4    1,150,633.1       4.4         6      -4.7
     2012      1,150,633.1    1,230,031.0       3.3         4       6.9
     2013      1,230,031.0    1,271,560.4       2.8         4       3.4
     2014      1,271,560.4    1,598,987.1       2.3         4      25.7
     2015      1,598,987.1    1,666,930.4       0.5         1       4.2
     2016      1,666,930.4    1,630,807.3       1.4         2      -2.2
     2017      1,630,807.3    1,633,255.1       1.9         4       0.2
     2018      1,633,255.1    1,528,812.8       3.5         5      -6.4
     2019      1,528,812.8    1,589,091.6       2.6         4       3.9
     2020      1,589,091.6    2,214,998.0       3.6         8      39.4
     2021      2,214,998.0    3,504,984.6       4.7         6      58.2
     2022      3,504,984.6    3,703,921.4       1.3         3       5.7
     2023      3,703,921.4    3,980,199.2       2.7         4       7.5
     2024      3,980,199.2    4,522,037.8       3.8         8      13.6
     2025      4,522,037.8    4,346,043.8       3.6         6      -3.9
     2026      4,346,043.8    4,396,490.1       1.8         9       1.2

  New signals on 2026-09 close (buy next month open): 1 -> results/live_signals_target_tol0.csv

==============================================================================
  EXIT 2: MONTHLY CLOSE BELOW 10 EMA, SL = SIGNAL CANDLE LOW  (tol=0.0%, cost=0.3%)
==============================================================================
  Trades                  : 155  (closed 143, open 12); skipped, opened below SL: 0
  Exit reasons            : EMA 102, SL 41, OPEN 12
  Win rate (closed)       : 40.6%
  Avg / median return     : 74.87% / -6.16%
  Avg win / avg loss      : 213.71% / -19.87%
  Profit factor           : 7.34
  Avg / median days held  : 274 / 184

  A) Fixed Rs 100,000 per trade, unlimited capital
     Total invested       : Rs 15,500,000  (155 trades)
     Total P&L            : Rs 10,846,150  (booked Rs 10,706,050, open MTM Rs 140,100)
     Return on invested   : 70.0%
     Peak capital needed  : Rs 1,500,000
     CAGR on peak capital : 10.3%  over 21.5 yrs

           trades_entered  invested_Rs  booked_PnL_Rs  avg_held  max_held
     year                                                                
     2005               5       500000      -36,840.0       2.4         4
     2006               9       900000     -146,730.0       4.2         7
     2007               4       400000      -44,720.0       4.2         6
     2008              14      1400000     -288,470.0       2.0         6
     2009              17      1700000     -126,620.0       7.4        14
     2010               3       300000      375,750.0      10.7        13
     2011               1       100000      612,700.0       1.8         7
     2012               1       100000      334,320.0       1.5         2
     2013               4       400000      408,610.0       1.3         2
     2014              12      1200000      -40,890.0       5.8         9
     2015               3       300000    1,030,210.0       8.1        10
     2016               1       100000      538,210.0       2.8         4
     2017               6       600000     -119,610.0       2.3         5
     2018               4       400000      541,620.0       2.3         5
     2019               2       200000       -3,530.0       0.2         1
     2020              17      1700000     -135,950.0       3.9         7
     2021              12      1200000    1,223,850.0      12.0        15
     2022               3       300000    1,682,990.0      11.0        14
     2023               4       400000      415,300.0       6.6         8
     2024              10      1000000    1,411,610.0      11.6        15
     2025               4       400000    3,141,830.0       3.9         9
     2026              19      1900000      -67,590.0       3.6        12

  B) Compounding portfolio: Rs 1,000,000 start, max 20 positions
     Final equity         : Rs 19,599,524
     CAGR                 : 14.8%  over 21.5 yrs
     Max drawdown         : -36.1%
     Trades taken/skipped : 149 / 6 (no free slot)

           start_equity_Rs  end_equity_Rs  avg_held  max_held  return_%
     year                                                              
     2005      1,000,000.0    1,031,875.4       2.4         4       3.2
     2006      1,031,875.4      953,585.8       4.2         7      -7.6
     2007        953,585.8    1,034,994.8       4.2         6       8.5
     2008      1,034,994.8      739,769.5       2.0         6     -28.5
     2009        739,769.5      965,590.2       7.4        14      30.5
     2010        965,590.2    1,261,376.8      10.7        13      30.6
     2011      1,261,376.8    1,159,326.3       1.8         7      -8.1
     2012      1,159,326.3    1,328,400.0       1.5         2      14.6
     2013      1,328,400.0    1,391,938.9       1.3         2       4.8
     2014      1,391,938.9    2,422,082.8       5.8         9      74.0
     2015      2,422,082.8    3,013,740.4       8.1        10      24.4
     2016      3,013,740.4    2,844,695.8       2.8         4      -5.6
     2017      2,844,695.8    2,968,950.6       2.3         5       4.4
     2018      2,968,950.6    2,713,137.1       2.3         5      -8.6
     2019      2,713,137.1    2,683,073.8       0.2         1      -1.1
     2020      2,683,073.8    4,009,449.0       3.9         7      49.4
     2021      4,009,449.0   11,809,881.2      10.8        12     194.6
     2022     11,809,881.2   11,054,148.3       9.1        11      -6.4
     2023     11,054,148.3   15,320,968.2       5.6         7      38.6
     2024     15,320,968.2   22,740,509.3      10.5        13      48.4
     2025     22,740,509.3   19,167,573.6       3.8         8     -15.7
     2026     19,167,573.6   19,599,524.1       3.6        12       2.3

  New signals on 2026-09 close (buy next month open): 1 -> results/live_signals_ema_tol0.csv
